../../../../.modman/seo_suite_ultimate/app/locale/en_US/MageWorx_SeoMarkup.csv